100029
100032
100033
100036
100038
100042
100043
100047
100055
100058
100061
100064
100066
100078
100081
100084
100087
100090
100119
100122
100124
100151
100153
100155
100172
100175
100177
100181
100187
100189
100190
100194
100196
100199
100203
100219
100221
100223
100234
100237
100247
100250
100251
100254
100262
100265
100279
100281
100282
100284
100292
100299
100313
100315
100317
100319
100323
100338
100347
100349
100350
100352
100354
100356
100362
100363
100365
100369
100371
100375
100376
100377
100379
100380
100382
100387
100388
100414
100415
100418
100471
100473
100475
100476
100477
100480
100481
100483
100484
100485
100489
100490
100493
100496
100499
100501
100506
100520
100522
100523
100526
100528
100536
100538
100544
100546
100550
100552
100590
100597
100601
100603
100608
100612
100613
100617
100631
100639
100641
100651
100656
100664
100669
100676
100684
100712
100713
100723
100740
100741
100749
100751
100781
100784
100789
100792
100795
100796
100800
100801
100802
100805
100807
100809
100812
100814
100821
100822
100829
100830
100835
100837
100845
100847
100851
100856
100859
100865
100868
100872
100873
100888
100893
100898
100902
100940
100948
100952
100962
100963
100966
100967
100968
100970
100998
101000
101001
101002
101042
101048
101065
101070
101072
101082
101083
101092
101095
101099
101114
101118
101120
101122
101131
101132
101144
101154
101160
101161
101162
101169
101170
101173
101185
101187
101190
101199
101201
101203
101206
101208
101209
101221
101228
101231
101232
101244
101262
101263
101265
101271
101279
101288
101304
101314
101316
101317
101333
101353
101354
101357
101358
101362
101365
101373
101394
101402
101404
101405
101408
101421
101430
101455
101456
101463
101465
101471
101481
101491
101498
101520
101521
101525
101528
101529
101537
101539
101548
101576
101585
101588
101592
101594
101597
101599
101608
101619
101624
101627
101629
101630
101635
101643
101644
101648
101654
101656
101662
101664
101665
101671
101672
101685
101687
101691
101696
101699
101703
101704
101712
101713
101715
101719
101721
101732
101734
101738
101742
101750
101751
101758
101762
101764
101766
101773
101793
101795
101797
101802
101806
101808
101818
101824
101830
101837
101844
101847
101854
101858
101860
101862
101863
101869
101872
101876
101878
101883
101893
101906
101909
101910
101912
101922
101929
101932
101933
101934
101945
101954
101956
101966
101969
101971
101976
101977
101979
101989
101991
101993
101996
102000
102004
102009
102012
102016
102020
102027
102030
102045
102053
102060
102061
102062
102066
102067
102069
102070
102071
102073
102075
102077
102088
102116
102126
102133
102135
102137
102139
102141
102142
102144
102147
102153
102155
102171
102172
102178
102179
102183
102185
102187
102189
102196
102200
102201
102204
102205
102207
102222
102232
102242
102248
102252
102259
102262
102267
102268
102272
102283
102289
102300
102306
102315
102320
102326
102328
102329
102330
102337
102340
102347
102363
102365
102373
102375
102381
102382
102394
102395
102398
102401
102404
102414
102424
102425
102426
102431
102432
102434
102441
102445
102448
102452
102456
102458
102460
102462
102479
102481
102482
102491
102494
102495
102497
102503
102505
102510
102512
102517
102528
102532
102535
102540
102544
102556
102560
102574
102591
102594
102596
102619
102639
102641
102644
102648
102652
102661
102664
102666
102672
102673
102678
102683
102684
102686
102703
102711
102716
102719
102722
102725
102729
102734
102737
102741
102743
102745
102751
102752
102755
102756
102760
102767
102798
102805
102807
102816
102823
102827
102829
102832
102835
102839
102846
102847
102849
102856
102861
102865
102868
102871
102873
102875
102883
102885
102888
102897
102898
102901
102902
102905
102908
102913
102920
102924
102931
102937
102939
102941
102945
102948
102951
102954
102958
102961
102964
102969
102974
102978
102986
102987
102991
102995
102997
103001
103003
103006
103009
103024
103026
103027
103034
103037
103040
103048
103049
103053
103055
103059
103061
103063
103065
103067
103071
103076
103078
103083
103085
103087
103098
103104
103108
103111
103116
103120
103122
103124
103131
103138
103142
103144
103145
103149
103151
103152
103155
103157
103159
103161
103166
103168
103170
103172
103174
103176
103178
103180
103182
103185
103188
103190
103192
103195
103196
103202
103204
103207
103211
103215
103218
103224
103225
103230
103232
103234
103277
103278
103280
103283
103288
103291
103297
103304
103309
103312
103314
103332
103335
103336
103339
103340
103346
103347
103358
103360
103366
103367
103373
103374
103377
103379
103381
103383
103385
103388
103390
103397
103398
103404
103407
103408
103412
103415
103416
103418
103420
103439
103441
103444
103445
103447
103450
103452
103454
103457
103458
103462
103464
103467
103469
103474
103476
103480
103487
103490
103492
103502
103504
103507
103508
103510
103513
103517
103520
103522
103524
103528
103530
103534
103542
103544
103548
103553
103554
103556
103558
103560
103564
103566
103570
103573
103575
103579
103582
103584
103586
103589
103591
103593
103596
103597
103604
103607
103609
103612
103614
103617
103619
103622
103623
103627
103629
103632
103633
103640
103643
103645
103648
103649
103653
103654
103657
103659
103660
103663
103665
103667
103668
103671
103672
103675
103676
103678
103681
103685
103687
103691
103693
103694
103696
103698
103702
103704
103707
103715
103717
103722
103724
103731
103733
103734
103739
103740
103741
103742
103744
103747
103748
103750
103751
103753
103756
103758
103761
103765
103767
103770
103771
103773
103776
103778
103780
103784
103792
103794
103796
103798
103800
103804
103807
103819
103996
103997
103999
104010
104015
104016
104019
104020
104024
104026
104031
104039
104042
104044
104046
104049
104050
104054
104055
104064
104071
104075
104076
104078
104080
104083
104088
104092
104093
104095
104097
104100
104102
104104
104107
104113
104114
104117
104119
104121
104124
104126
104128
104130
104133
104138
104142
104146
104148
104150
104153
104158
104160
104162
104165
104166
104168
104170
104172
104175
104181
104182
104185
104187
104190
104192
104195
104197
104200
104204
104205
104208
104211
104213
104215
104217
104219
104222
104226
104228
104229
104232
104236
104237
104241
104242
104243
104245
104248
104249
104251
104253
104257
104262
104263
104265
104267
104269
104271
104275
104277
104279
104286
104287
104290
104292
104294
104297
104298
104300
104302
104307
104310
104311
104315
104318
104320
104323
104324
104331
104333
104335
104339
104344
104347
104350
104354
104355
104358
104360
104361
104364
104365
104367
104372
104375
104376
104377
104384
104385
104388
104389
104391
104393
104397
104400
104401
104402
104403
104406
104411
104413
104417
104419
104425
104431
104433
104436
104437
104439
104443
104446
104450
104452
104460
104462
104463
104465
104468
104473
104475
104479
104481
104486
104488
104491
104493
104496
104497
104499
104504
104506
104507
104510
104512
104513
104516
104520
104521
104523
104525
104526
104528
104530
104532
104534
104537
104538
104540
104543
104544
104553
104556
104560
104561
104562
104563
104565
104567
104573
104575
104576
104580
104583
104585
104588
104601
104603
104605
104607
104610
104612
104614
104615
104619
104621
104625
104633
104636
104637
104640
104644
104645
104648
104650
104652
104654
104656
104657
104660
104663
104665
104667
104670
104671
104673
104675
104679
104683
104684
104685
104689
104691
104696
104698
104702
104704
104707
104710
104711
104714
104716
104718
104726
104728
104730
104733
104735
104736
104738
104741
104748
104751
104753
104754
104756
104758
104761
104762
104764
104767
104769
104772
104775
104780
104782
104785
104786
104789
104793
104794
104795
104797
104802
104804
104805
104806
104809
104811
104815
104822
104825
104829
104832
104833
104834
104838
104839
104842
104847
104848
104850
104853
104856
104858
104860
104862
104866
104869
104871
104873
104874
104876
104878
104891
104892
104895
104899
104902
104904
104906
104908
104909
104911
104914
104915
104918
104919
104921
104925
104927
104928
104931
104933
104936
104937
104939
104941
104944
104949
104950
104952
104954
104958
104959
104962
104963
104965
104969
104973
104975
104976
104979
104980
104983
104985
104986
104989
104991
104992
104993
104996
104999
105001
105006
105007
105008
105010
105013
105015
105016
105020
105026
105032
105033
105035
105037
105038
105041
105042
105044
105046
105048
105051
105055
105056
105060
105061
105064
105068
105070
105072
105074
105077
105078
105082
105083
105087
105088
105091
105093
105094
105096
105099
105106
105109
105110
105112
105116
105118
105121
105122
105124
105127
105129
105130
105133
105134
105139
105140
105142
105144
105147
105149
105150
105153
105156
105159
105160
105162
105164
105169
105170
105173
105175
105177
105180
105183
105185
105189
105193
105194
105198
105200
105201
105207
105210
105215
105218
105219
105220
105223
105225
105228
105229
105231
105233
105242
105245
105247
105249
105251
105257
105258
105262
105264
105266
105270
105274
105277
105280
105284
105286
105289
105290
105292
105297
105300
105302
105305
105317
105319
105322
105325
105327
105329
105331
105332
105334
105336
105339
105341
105346
105349
105350
105354
105356
105357
105359
105361
105364
105365
105367
105370
105372
105374
105376
105377
105383
105385
105387
105390
105391
105392
105395
105398
105399
105400
105404
105405
105407
105409
105412
105413
105416
105417
105420
105422
105426
105428
105430
105433
105435
105440
105442
105445
105447
105450
105453
105456
105460
105466
105471
105474
105480
105481
105484
105485
105488
105491
105493
105496
105498
105500
105501
105503
105506
105508
105510
105511
105513
105515
105517
105520
105522
105523
105525
105528
105529
105531
105534
105538
105539
105542
105544
105562
105563
105564
105571
105574
105580
105582
105585
105587
105588
105591
105592
105593
105596
105598
105599
105602
105603
105607
105609
105611
105612
105615
105617
105620
105621
105622
105624
105625
105628
105629
105631
105633
105640
105643
105646
105648
105651
105653
105654
105661
105663
105666
105669
105676
105678
105679
105682
105685
105686
105689
105690
105695
105696
105699
105700
105704
105708
105710
105713
105719
105721
105723
105725
105727
105728
105731
105732
105734
105736
105739
105742
105745
105747
105748
105752
105754
105758
105759
105761
105763
105766
105767
105770
105771
105774
105775
105777
105781
105782
105787
105789
105790
105792
105795
105798
105801
105802
105804
105807
105808
105817
105819
105821
105823
105824
105826
105829
105833
105834
105837
105838
105840
105842
105845
105850
105852
105855
105858
105860
105863
105865
105869
105872
105874
105875
105876
105882
105884
105891
105892
105894
105897
105898
105899
105903
105905
105908
105911
105913
105921
105924
105935
105937
105939
105942
105944
105945
105947
105949
105951
105954
105957
105960
105963
105966
105968
105977
105979
105982
105984
105986
105989
105998
105999
106003
106007
106011
106015
106017
106019
106026
106028
106029
106034
106037
106039
106041
106043
106046
106047
106049
106051
106053
106055
106059
106060
106066
106068
106070
106072
106078
106080
106082
106083
106085
106088
106089
106091
106093
106096
106098
106105
106109
106112
106114
106116
106118
106120
106122
106124
106126
106128
106129
106136
106138
106140
106142
106143
106144
106145
106147
106158
106160
106163
106165
106166
106170
106173
106177
106182
106183
106185
106188
106190
106192
106194
106200
106212
106217
106218
106225
106227
106231
106235
106237
106238
106240
106241
106244
106248
106249
106250
106253
106254
106256
106257
106258
106259
106260
106261
106264
106266
106267
106269
106272
106273
106276
106279
106283
106289
106291
106292
106296
106298
106302
106306
106311
106312
106314
106317
106319
106320
106321
106329
106330
106331
106334
106338
106339
106341
106343
106346
106347
106350
106353
106354
106357
106363
106366
106368
106370
106371
106372
106375
106377
106379
106382
106384
106385
106387
106390
106392
106393
106396
106400
106401
106406
106412
106414
106415
106422
106425
106427
106430
106432
106433
106434
106439
106441
106445
106447
106450
106454
106455
106458
106463
106465
106471
106476
106477
106480
106482
106484
106485
106488
106489
106493
106494
106495
106498
106499
106501
106508
106511
106514
106521
106523
106533
106546
106548
106550
106552
106554
106555
106558
106560
106561
106564
106565
106568
106569
106570
106571
106574
106578
106581
106584
106586
106588
106593
106597
106600
106602
106607
106609
106610
106612
106614
106616
106618
106621
106624
106626
106634
106640
106648
106649
106651
106654
106659
106661
106664
106666
106667
106670
106672
106674
106677
106685
106687
106688
106690
106693
106694
106696
106702
106703
106705
106707
106709
106712
106713
106714
106715
106718
106719
106722
106725
106726
106729
106731
106735
106736
106737
106745
106746
106748
106753
106754
106757
106758
106761
106763
106764
106766
106769
106775
106777
106779
106781
106783
106785
106788
106789
106791
106793
106796
106804
106805
106808
106810
106813
106814
106817
106819
106821
106823
106824
106826
106829
106831
106833
106835
106836
106841
106843
106845
106848
106851
106853
106859
106863
106864
106866
106867
106870
106871
106873
106876
106877
106878
106881
106886
106888
106889
106891
106903
106913
106916
106918
106920
106921
106923
106926
106928
106931
106932
106934
106936
106938
106941
106943
106945
106947
106948
106951
106954
106955
106959
106961
106963
106965
106966
106969
106970
106974
106975
106976
106979
106982
106983
106984
106987
106990
106992
106994
106996
106997
106999
107001
107004
107006
107007
107011
107012
107017
107019
107022
107023
107024
107025
107028
107029
107032
107042
107045
107046
107049
107050
107051
107055
107061
107062
107063
107068
107069
107071
107073
107075
107076
107079
107088
107091
107093
107094
107096
107098
107102
107103
107104
107115
107116
107120
107121
107123
107126
107127
107129
107134
107139
107141
107146
107147
107150
107159
107162
107165
107168
107171
107173
107176
107182
107185
107186
107187
107188
107192
107193
107196
107198
107199
107201
107204
107205
107207
107212
107214
107216
107219
107222
107223
107227
107228
107231
107232
107233
107236
107238
107240
107242
107244
107245
107247
107248
107249
107258
107259
107261
107263
107265
107269
107274
107275
107277
107281
107282
107285
107286
107288
107290
107291
107294
107296
107297
107300
107301
107303
107305
107307
107310
107313
107314
107318
107320
107322
107324
107328
107331
107334
107336
107338
107341
107344
107345
107347
107348
107351
107353
107356
107358
107364
107366
107371
107373
107374
107376
107383
107385
107386
107390
107392
107394
107397
107398
107405
107406
107410
107411
107413
107414
107419
107422
107426
107427
107430
107432
107433
107436
107439
107444
107448
107452
107458
107459
107461
107475
107477
107481
107484
107485
107488
107490
107494
107496
107498
107500
107502
107503
107504
107506
107507
107514
107515
107521
107522
107524
107526
107528
107530
107533
107534
107536
107538
107539
107542
107545
107551
107552
107567
107569
107571
107572
107574
107576
107578
107590
107591
107594
107597
107598
107599
107601
107603
107606
107608
107610
107612
107617
107620
107623
107625
107627
107630
107632
107634
107635
107636
107638
107640
107642
107645
107648
107651
107652
107655
107659
107662
107666
107668
107670
107672
107679
107681
107683
107686
107688
107689
107691
107695
107705
107706
107713
107715
107718
107723
107726
107727
107730
107731
107732
107736
107738
107739
107743
107745
107747
107749
107750
107752
107753
107755
107760
107763
107773
107777
107779
107782
107783
107785
107788
107797
107799
107800
107802
107803
107806
107808
107811
107813
107817
107818
107820
107827
107833
107836
107838
107840
107848
107861
107862
107865
107868
107871
107872
107875
107877
107880
107881
107882
107883
107887
107888
107891
107892
107897
107898
107901
107903
107905
107906
107912
107919
107921
107922
107924
107928
107931
107932
107935
107936
107938
107940
107943
107944
107946
107956
107957
107959
107960
107962
107964
107967
107969
107971
107972
107974
107976
107981
107988
107991
107993
107994
107997
107999
108001
108003
108005
108010
108012
108017
108018
108021
108023
108025
108026
108028
108031
108033
108034
108037
108038
108041
108043
108044
108046
108049
108051
108052
108055
108057
108059
108060
108063
108066
108067
108068
108070
108073
108074
108076
108079
108080
108083
108085
108087
108089
108090
108092
108095
108097
108100
108101
108103
108105
108108
108110
108113
108116
108117
108119
108122
108124
108126
108127
108130
108131
108133
108136
108137
108140
108142
108145
108148
108149
108151
108152
108155
108156
108158
108162
108164
108167
108169
108172
108173
108188
108189
108192
108193
108197
108198
108200
108202
108204
108207
108209
108211
108212
108214
108215
108218
108222
108223
108225
108227
108229
108231
108233
108234
108237
108240
108247
108248
108249
108250
108257
108258
108261
108262
108264
108265
108269
108270
108273
108281
108284
108289
108290
108292
108294
108295
108298
108300
108303
108304
108305
108306
108308
108310
108312
108314
108319
108321
108322
108324
108326
108328
108330
108332
108342
108344
108346
108347
108355
108356
108358
108360
108363
108364
108366
108368
108370
108373
108375
108378
108382
108384
108386
108388
108389
108391
108393
108397
108400
108401
108405
108406
108411
108413
108414
108417
108418
108420
108422
108425
108426
108427
108432
108435
108437
108439
108440
108442
108450
108451
108453
108454
108457
108461
108463
108466
108467
108470
108473
108474
108477
108478
108480
108482
108484
108488
108490
108492
108494
108496
108498
108501
108503
108505
108507
108509
108511
108514
108515
108518
108519
108520
108526
108529
108535
108537
108540
108542
108545
108552
108582
108584
108592
108594
108596
108625
108632
108648
108659
108661
108676
108690
108697
108717
108719
108728
108732
108736
108752
108753
108756
108765
108768
108778
108786
108793
108799
108827
108829
108841
108843
108845
108846
108865
108880
108881
108886
108889
108890
108893
108895
108896
108899
108900
108903
108904
108909
108911
108913
108915
108917
108918
108919
108923
108925
108927
108932
108935
108937
108938
108940
108942
108944
108946
108948
108951
108953
108960
108961
108962
108965
108968
108970
108971
108973
108976
108977
108978
108980
108981
108984
108986
108989
108990
108994
108995
108996
108998
109001
109003
109004
109007
109008
109012
109014
109016
109017
109020
109023
109024
109025
109027
109032
109033
109035
109038
109048
109050
109051
109053
109057
109059
109061
109062
109063
109066
109068
109071
109072
109073
109081
109083
109086
109087
109089
109090
109093
109096
109097
109100
109101
109102
109105
109109
109113
109114
109115
109118
109119
109121
109124
109126
109128
109129
109130
109133
109135
109138
109141
109142
109143
109145
109147
109149
109151
109154
109156
109158
109159
109162
109165
109166
109167
109171
109174
109175
109176
109188
109190
109197
109198
109204
109206
109208
109210
109213
109215
109218
109219
109221
109223
109225
109228
109230
109231
109241
109245
109249
109251
109252
109254
109256
109258
109265
109269
109271
109273
109275
109276
109278
109284
109289
109290
109292
109302
109304
109307
109308
109310
109312
109314
109317
109319
109320
109321
109324
109327
109332
109335
109337
109339
109340
109341
109344
109353
109371
109374
109376
109377
109380
109382
109384
109385
109388
109393
109394
109397
109400
109401
109403
109406
109407
109408
109411
109416
109418
109419
109421
109423
109426
109428
109429
109431
109433
109440
109441
109443
109445
109448
109450
109452
109455
109458
109460
109463
109465
109466
109474
109477
109478
109488
109491
109492
109493
109498
109500
109502
109504
109506
109509
109510
109512
109515
109516
109521
109522
109525
109526
109527
109532
109533
109535
109537
109538
109540
109542
109544
109550
109553
109555
109556
109559
109561
109564
109565
109567
109568
109578
109579
109582
109586
109589
109590
109593
109595
109597
109599
109601
109602
109605
109606
109611
109612
109615
109616
109617
109620
109622
109623
109625
109627
109630
109631
109634
109636
109638
109640
109641
109644
109646
109648
109650
109651
109654
109655
109657
109661
109662
109663
109666
109667
109669
109673
109674
109675
109677
109679
109682
109683
109685
109687
109690
109692
109694
109696
109698
109699
109702
109705
109706
109708
109710
109711
109717
109720
109726
109730
109731
109732
109735
109737
109738
109740
109742
109747
109748
109755
109756
109758
109759
109762
109764
109766
109768
109771
109773
109774
109775
109780
109781
109782
109787
109788
109789
109790
109792
109800
109803
109812
109813
109815
109818
109819
109821
109823
109824
109826
109828
109830
109832
109835
109836
109838
109840
109850
109853
109854
109856
109858
109860
109862
109871
109874
109876
109878
109880
109882
109887
109888
109890
109891
109897
109900
109903
109904
109905
109908
109915
109916
109918
109920
109922
109924
109926
109928
109930
109932
109940
109945
109946
109949
109955
109959
109961
109964
109966
109968
109970
109971
109973
109975
109977
109980
109981
109983
109985
110000
110001
110003
110006
110008
110009
110012
110013
110017
110019
110023
110024
110025
110027
110030
110032
110035
110036
110038
110040
110042
110044
110045
110047
110050
110052
110054
110055
110061
110062
110063
110066
110068
110069
110075
110077
110079
110082
110085
110086
110087
110090
110091
110094
110095
110097
110101
110102
110103
110105
110107
110108
110111
110113
110115
110118
110119
110130
110132
110134
110135
110136
110139
110140
110142
110144
110145
110146
110150
110156
110160
110168
110171
110174
110176
110177
110180
110182
110183
110185
110188
110189
110193
110194
110197
110198
110201
110204
110216
110218
110220
110221
110224
110225
110226
110233
110235
110237
110238
110240
110242
110246
110247
110251
110252
110256
110259
110260
110263
110265
110266
110269
110272
110273
110274
110276
110278
110281
110284
110285
110286
110289
110291
110293
110295
110298
110300
110302
110303
110305
110307
110309
110311
110313
110315
110318
110319
110321
110322
110325
110331
110337
110340
110343
110344
110346
110348
110349
110352
110353
110355
110358
110359
110364
110366
110368
110369
110371
110374
110375
110377
110379
110382
110383
110389
110394
110396
110397
110399
110402
110403
110406
110411
110416
110418
110423
110425
110426
110429
110430
110431
110436
110437
110443
110444
110445
110447
110449
110452
110455
110456
110460
110461
110462
110464
110467
110468
110470
110473
110474
110477
110480
110481
110482
110485
110487
110489
110491
110493
110497
110498
110499
110501
110503
110505
110509
110512
110514
110518
110519
110521
110524
110525
110528
110529
110531
110535
110542
110543
110546
110548
110550
110551
110552
110555
110557
110559
110565
110568
110570
110583
110584
110586
110588
110590
110593
110594
110596
110599
110603
110612
110613
110614
110616
110618
110621
110622
110623
110633
110635
110636
110639
110641
110642
110645
110646
110648
110650
110653
110655
110657
110659
110662
110663
110674
110677
110683
110684
110691
110696
110697
110699
110700
110704
110706
110708
110711
110731
110732
110733
110736
110739
110742
110748
110751
110764
110767
110777
110781
110805
110825
110828
110831
110834
110841
110847
110854
110873
110915
110920
110921
110954
110956
110968
110972
110978
110980
110984
110989
110992
110993
111035
111040
111076
111077
111081
111085
111104
111109
111112
111115
111121
111123
111127
111130
111142
111145
111159
111161
111166
111170
111181
111183
111186
111190
111198
111204
111215
111218
111223
111231
111234
111244
111252
111257
111258
111268
111279
111281
111290
111293
111295
111297
111308
111310
111316
111318
111321
111322
111324
111328
111331
111332
111334
111335
111336
111339
111345
111346
111349
111351
111353
111355
111357
111360
111365
111367
111369
111370
111378
111379
111381
111384
111386
111388
111389
111392
111393
111394
111398
111402
111403
111404
111405
111415
111418
111419
111421
111423
111429
111430
111433
111435
111439
111443
111455
111457
111460
111463
111465
111467
111471
111472
111474
111477
111479
111484
111487
111491
111494
111496
111498
111506
111510
111514
111515
111517
111519
111524
111525
111529
111535
111539
111541
111549
111554
111556
111567
111569
111572
111581
111584
111585
111586
111592
111594
111596
111597
111599
111600
111604
111607
111610
111615
111616
111621
111638
111646
111665
111671
111673
111677
111679
111681
111682
111684
111692
111698
111704
111709
111710
111712
111715
111721
111722
111723
111724
111739
111741
111742
111743
111746
111748
111753
111757
111758
111760
111762
111763
111766
111769
111770
111776
111778
111782
111783
111787
111789
111794
111798
111799
111801
111802
111803
111804
111808
111822
111824
111826
111828
111830
111833
111835
111838
111839
111842
111844
111845
111848
111850
111852
111853
111856
111862
111863
111865
111867
111874
111875
111878
111879
111883
111885
111887
111890
111892
111905
111907
111909
111912
111914
111915
111917
111920
111921
111922
111928
111935
111937
111940
111941
111943
111946
111950
111953
111955
111957
111959
111961
111962
111965
111968
111972
111981
111987
111993
111996
111999
112002
112008
112010
112012
112015
112017
112021
112029
112031
112037
112039
112040
112041
112054
112063
112064
112065
112066
112069
112070
112072
112077
112079
112083
112084
112086
112088
112090
112092
112094
112096
112098
112100
112105
112107
112108
112110
112114
112116
112117
112120
112123
112126
112128
112130
112134
112138
112140
112141
112143
112145
112147
112150
112152
112163
112164
112167
112169
112171
112176
112179
112180
112182
112184
112186
112190
112194
112196
112200
112204
112210
112214
112220
112221
112222
112223
112224
112240
112243
112246
112250
112251
112255
112258
112259
112260
112262
112276
112277
112280
112285
112288
112291
112293
112294
112296
112298
112302
112304
112307
112309
112311
112314
112315
112317
112321
112323
112326
112327
112329
112332
112335
112337
112342
112348
112350
112353
112354
112359
112362
112364
112367
112373
112376
112377
112379
112380
112384
112387
112390
112392
112394
112397
112398
112400
112408
112410
112423
112429
112457
112459
112460
112487
112496
112538
112600
112624
112632
112636
112640
112644
112654
112656
112659
112661
112665
112669
112671
112673
112676
112678
112679
112684
112687
112688
112693
112695
112699
112700
112703
112705
112707
112709
112713
112716
112717
112721
112724
112727
112731
112735
112743
112748
112750
112753
112757
112766
112768
112772
112777
112782
112784
112792
112795
112797
112805
112806
112808
112809
112811
112813
112821
112822
112825
112828
112829
112833
112836
112837
112845
112846
112850
112851
112852
112853
112861
112866
112868
112874
112876
112877
112880
112886
112887
112890
112892
112897
112899
112901
112903
112905
112910
112913
112918
112921
112924
112928
112932
112935
112936
112938
112939
112943
112945
112947
112948
112950
112954
112957
112961
112962
112974
112978
112982
113020
113022
113024
113027
113029
113036
113038
113040
113044
113046
113047
113051
113057
113059
113063
113064
113068
113070
113072
113074
113077
113083
113085
113088
113090
113091
113092
113096
113099
113101
113105
113109
113114
113116
113117
113120
113121
113125
113128
113130
113131
113133
113135
113142
113146
113149
113150
113155
113157
113161
113162
113170
113172
113175
113177
113178
113183
113189
113191
113193
113195
113199
113201
113202
113206
113207
113209
113212
113215
113216
113221
113223
113227
113228
113234
113236
113237
113240
113242
113244
113249
113251
113256
113257
113260
113262
113264
113268
113269
113270
113273
113276
113281
113282
113286
113288
113290
113293
113296
113297
113301
113304
113305
113308
113313
113315
113317
113319
113322
113327
113329
113332
113334
113336
113339
113341
113343
113345
113349
113350
113352
113355
113359
113363
113365
113366
113368
113370
113371
113375
113377
113380
113382
113384
113385
113389
113391
113392
113394
113395
113398
113400
113401
113402
113405
113406
113409
113419
113420
113422
113424
113427
113430
113435
113437
113440
113442
113444
113446
113448
113451
113454
113460
113463
113476
113479
113489
113517
113526
113544
113547
113550
113553
113560
113566
113634
113639
113640
113675
114099
114101
114143
114150
114154
114155
114161
114163
114167
114171
114175
114178
114181
114187
114190
114192
114196
114197
114199
114201
114205
114206
114207
114209
114212
114215
114216
114223
114227
114229
114231
114234
114235
114239
114244
114246
114249
114254
114255
114260
114263
114267
114268
114271
114272
114274
114277
114278
114280
114284
114287
114291
114293
114296
114298
114301
114303
114305
114306
114307
114309
114315
114316
114318
114322
114324
114327
114328
114330
114332
114334
114338
114340
114341
114346
114349
114354
114355
114358
114359
114363
114370
114372
114378
114381
114382
114386
114389
114392
114394
114397
114399
114400
114406
114409
114411
114412
114415
114416
114419
114421
114423
114425
114427
114428
114433
114437
114439
114441
114443
114445
114447
114448
114451
114453
114454
114458
114460
114464
114466
114469
114470
114473
114474
114476
114479
114481
114485
114486
114489
114492
114497
114499
114500
114502
114504
114506
114509
114510
114513
114514
114515
114527
114529
114534
114536
114537
114541
114544
114547
114549
114550
114555
114563
114564
114566
114568
114570
114572
114575
114577
114587
114588
114591
114592
114595
114596
114599
114601
114602
114605
114608
114611
114612
114614
114616
114623
114626
114628
114631
114634
114635
114638
114639
114644
114646
114648
114649
114651
114653
114657
114662
114664
114666
114668
114670
114671
114673
114677
114679
114682
114685
114686
114689
114697
114698
114701
114703
114704
114707
114712
114715
114716
114721
114723
114726
114729
114731
114734
114735
114736
114738
114742
114746
114749
114754
114756
114758
114761
114764
114767
114770
114773
114775
114776
114779
114782
114787
114790
114793
114795
114797
114798
114801
114803
114804
114807
114809
114811
114813
114814
114817
114820
114824
114825
114826
114833
114835
114838
114840
114842
114844
114846
114848
114851
114855
114856
114859
114861
114863
114866
114870
114872
114873
114876
114877
114879
114881
114885
114887
114890
114893
114895
114900
114904
114907
114908
114911
114913
114916
114917
114920
114921
114924
114926
114927
114931
114933
114935
114936
114939
114942
114943
114946
114950
114952
114953
114956
114958
114959
114976
114978
114982
114987
114994
114996
114998
115002
115003
115005
115007
115009
115012
115015
115017
115018
115020
115026
115029
115031
115037
115039
115041
115043
115044
115045
115047
115049
115052
115053
115055
115063
115064
115068
115071
115074
115076
115077
115080
115082
115087
115089
115092
115095
115098
115099
115105
115107
115109
115110
115112
115116
115120
115122
115124
115126
115130
115132
115133
115135
115138
115140
115144
115145
115148
115150
115151
115155
115159
115160
115163
115165
115167
115168
115170
115173
115175
115179
115183
115186
115193
115196
115217
115219
115221
115224
115226
115227
115229
115232
115234
115236
115239
115241
115245
115247
115249
115255
115256
115258
115261
115262
115264
115267
115269
115270
115272
115274
115277
115278
115280
115282
115285
115289
115293
115296
115298
115304
115306
115308
115310
115316
115318
115319
115323
115324
115327
115331
115333
115334
115340
115341
115345
115348
115352
115353
115356
115358
115360
115362
115363
115366
115367
115369
115372
115373
115377
115379
115382
115384
115387
115390
115393
115395
115396
115398
115404
115406
115408
115409
115412
115413
115416
115418
115419
115424
115426
115428
115431
115432
115438
115443
115446
115450
115452
115457
115459
115463
115465
115471
115482
115491
115497
115499
115502
115503
115509
115514
115517
115519
115520
115522
115524
115528
115530
115533
115536
115538
115540
115542
115545
115548
115551
115552
115555
115557
115559
115562
115565
115566
115568
115575
115577
115579
115585
115587
115589
115591
115595
115597
115599
115601
115603
115605
115607
115611
115613
115615
115618
115620
115622
115624
115626
115627
115631
115633
115635
115638
115639
115642
115643
115648
115651
115655
115656
115659
115660
115664
115666
115669
115671
115672
115676
115678
115680
115682
115689
115691
115692
115695
115697
115698
115703
115705
115707
115709
115710
115713
115714
115717
115719
115721
115722
115725
115740
115745
115748
115752
115757
115759
115761
115764
115770
115772
115774
115776
115777
115780
115781
115783
115785
115790
115796
115797
115799
115802
115804
115807
115808
115810
115812
115817
115818
115820
115823
115824
115827
115829
115831
115833
115842
115844
115847
115849
115851
115853
115856
115858
115859
115861
115864
115867
115868
115871
115872
115875
115877
115882
115887
115890
115893
115895
115897
115900
115902
115903
115906
115908
115910
115912
115913
115915
115922
115926
115928
115931
115934
115935
115937
115942
115943
115944
115946
115948
115950
115953
115955
115959
115960
115962
115965
115966
115969
115971
115972
115975
115976
115979
115981
115983
115985
115988
115990
115991
116001
116002
116005
116007
116009
116011
116015
116017
116022
116024
116026
116029
116032
116037
116038
116040
116042
116044
116046
116050
116051
116054
116059
116060
116064
116065
116067
116070
116071
116077
116078
116080
116083
116087
116093
116094
116097
116098
116100
116103
116106
116107
116111
116115
116118
116119
116121
116123
116126
116131
116132
116136
116138
116139
116142
116143
116145
116148
116149
116151
116153
116159
116162
116163
116166
116168
116172
116177
116182
116184
116187
116188
116189
116191
116194
116196
116197
116199
116202
116203
116206
116209
116210
116214
116216
116218
116221
116223
116226
116229
116231
116232
116235
116237
116238
116241
116242
116244
116251
116253
116256
116259
116260
116262
116266
116269
116271
116275
116279
116283
116285
116289
116291
116292
116295
116299
116301
116302
116305
116307
116310
116312
116314
116318
116321
116327
116329
116333
116334
116336
116339
116341
116344
116345
116348
116352
116354
116376
116389
116399
116401
116403
116406
116407
116410
116412
116414
116416
116419
116420
116424
116428
116432
116435
116437
116442
116444
116446
116448
116451
116457
116459
116460
116463
116467
116468
116471
116473
116477
116480
116482
116485
116486
116492
116494
116496
116497
116500
116502
116504
116506
116507
116511
116512
116514
116517
116523
116526
116527
116529
116532
116534
116535
116541
116543
116545
116547
116549
116552
116555
116557
116560
116561
116564
116567
116569
116571
116573
116576
116579
116581
116583
116584
116588
116590
116595
116597
116599
116601
116603
116607
116609
116611
116614
116620
116622
116625
116626
116628
116630
116633
116637
116638
116641
116645
116655
116657
116658
116660
116663
116668
116670
116674
116677
116679
116683
116685
116686
116688
116690
116693
116697
116698
116699
116701
116711
116713
116716
116719
116721
116729
116731
116734
116740
116741
116743
116746
116751
116753
116755
116757
116759
116761
116762
116766
116769
116771
116772
116775
116777
116779
116783
116786
116788
116792
116794
116796
116797
116800
116805
116807
116809
116811
116813
116815
116817
116819
116821
116822
116826
116828
116831
116832
116834
116838
116840
116843
116845
116846
116849
116851
116853
116856
116859
116862
116865
116867
116870
116873
116874
116879
116882
116883
116886
116889
116891
116893
116894
116898
116902
116904
116907
116916
116918
116919
116922
116925
116926
116928
116930
116932
116937
116939
116940
116942
116945
116946
116948
116950
116952
116954
116958
116959
116962
116963
116965
116967
116970
116972
116978
116980
116982
116984
116989
116992
116995
116998
117000
117004
117012
117013
117016
117018
117020
117021
117027
117030
117033
117037
117039
117045
117047
117049
117051
117053
117055
117066
117067
117070
117074
117077
117080
117081
117084
117085
117092
117094
117096
117099
117102
117105
117106
117109
117111
117113
117115
117116
117119
117120
117123
117125
117126
117128
117130
117132
117135
117140
117143
117144
117147
117148
117150
117152
117154
117156
117158
117161
117165
117169
117172
117173
117175
117178
117180
117182
117183
117185
117187
117190
117197
117199
117200
117203
117208
117209
117211
117217
117219
117221
117223
117224
117230
117231
117234
117236
117240
117244
117248
117253
117256
117260
117265
117266
117268
117270
117275
117278
117281
117286
117289
117293
117295
117298
117299
117301
117304
117307
117309
117311
117312
117315
117318
117320
117323
117324
117327
117331
117334
117336
117338
117339
117343
117348
117352
117355
117356
117358
117361
117365
117370
117372
117373
117378
117382
117384
117385
117387
117389
117392
117393
117397
117399
117402
117403
117406
117407
117410
117411
117414
117421
117423
117426
117427
117433
117437
117439
117440
117443
117445
117446
117451
117454
117460
117465
117469
117476
117478
117481
117485
117486
117488
117491
117494
117496
117498
117501
117505
117512
117520
117526
117527
117530
117532
117534
117537
117539
117541
117542
117544
117549
117550
117552
117553
117556
117558
117560
117561
117568
117569
117571
117574
117582
117584
117587
117589
117593
117597
117599
117600
117602
117604
117608
117609
117611
117614
117615
117618
117620
117626
117627
117631
117632
117634
117636
117637
117640
117643
117645
117648
117656
117657
117659
117664
117665
117668
117671
117673
117676
117679
117681
117684
117685
117690
117691
117694
117696
117697
117702
117705
117708
117711
117716
117720
117722
117724
117732
117733
117738
117740
117741
117746
117747
117762
117763
117765
117773
117776
117778
117781
117782
117787
117792
117794
117796
117798
117801
117803
117806
117808
117810
117814
117819
117821
117824
117826
117828
117830
117832
117834
117841
117843
117845
117847
117848
117850
117852
117858
117862
117865
117869
117879
117884
117887
117891
117896
117899
117901
117906
117908
117911
117912
117918
117920
117926
117929
117932
117937
117941
117945
117951
117953
117957
117965
117966
117970
117975
117977
117979
117981
117984
117985
117986
117989
117993
117996
117999
118006
118012
118014
118015
118021
118024
118027
118029
118030
118033
118042
118043
118047
118049
118051
118053
118055
118058
118059
118067
118069
118071
118074
118078
118102
118104
118133
118164
118166
118167
118170
118172
118173
118183
118189
118191
118194
118195
118197
118201
118203
118204
118212
118217
118219
118221
118222
118232
118241
118243
118247
118248
118252
118256
118260
118264
118266
118267
118269
118272
118273
118275
118278
118282
118284
118285
118287
118290
118291
118297
118299
118301
118302
118305
118309
118312
118317
118320
118334
118335
118337
118340
118341
118344
118345
118347
118348
118349
118350
118351
118353
118355
118362
118364
118371
118374
118379
118384
118387
118394
118401
118407
118410
118416
118419
118421
118424
118426
118427
118452
118464
118469
118470
118471
118473
118474
118477
118479
118481
118482
118485
118486
118489
118491
118494
118495
118498
118499
118502
118504
118506
118508
118510
118512
118514
118516
118518
118519
118521
118523
118525
118527
118530
118531
118533
118535
118537
118539
118540
118543
118545
118546
118548
118551
118553
118554
118557
118559
118560
118564
118565
118569
118574
118577
118581
118583
118585
118588
118589
118595
118598
118601
118604
118606
118610
118615
118617
118620
118623
118624
118628
118631
118632
118633
118636
118638
118641
118643
118644
118646
118648
118650
118651
118656
118663
118665
118666
118668
118672
118675
118678
118679
118687
118691
118692
118701
118702
118709
118715
118719
118722
118724
118726
118736
118737
118741
118742
118747
118753
118758
118759
118762
118763
118766
118769
118770
118773
118774
118777
118778
118780
118784
118785
118791
118794
118796
118803
118804
118807
118814
118820
118825
118828
118831
118834
118837
118840
118847
118857
118859
118864
118866
118868
118870
118872
118874
118876
118879
118881
118883
118885
118887
118889
118893
118894
118902
118907
118910
118917
118919
118924
118927
118929
118931
118933
118935
118936
118939
118942
118946
118950
118951
118955
118958
118961
118965
118968
118972
118975
118979
118982
118987
118989
118991
118994
118996
119000
119004
119007
119009
119016
119018
119019
119022
119028
119033
119038
119049
119053
119054
119060
119062
119069
119071
119075
119076
119079
119081
119082
119091
119092
119096
119097
119099
119104
119106
119110
119112
119114
119116
119118
119121
119125
119127
119128
119131
119133
119135
119140
119141
119143
119148
119150
119151
119156
119160
119164
119165
119168
119172
119173
119176
119177
119178
119181
119182
119184
119186
119189
119194
119196
119202
119205
119208
119212
119215
119218
119226
119227
119231
119234
119239
119242
119243
119245
119247
119250
119251
119252
119255
119256
119259
119269
119271
119273
119275
119277
119279
119283
119291
119292
119296
119298
119299
119303
119307
119308
119311
119312
119317
119318
119323
119326
119327
119330
119331
119333
119337
119341
119343
119344
119347
119350
119351
119354
119360
119362
119364
119367
119369
119372
119376
119379
119382
119385
119389
119392
119393
119397
119400
119402
119404
119405
119407
119410
119413
119415
119417
119420
119424
119425
119428
119431
119434
119436
119438
119441
119444
119448
119450
119451
119452
119453
119457
119461
119462
119464
119468
119472
119474
119479
119480
119482
119484
119488
119490
119493
119495
119498
119501
119505
119507
119509
119511
119514
119517
119518
119520
119523
119526
119528
119529
119533
119535
119536
119539
119542
119544
119546
119549
119550
119555
119556
119559
119564
119566
119568
119572
119576
119578
119580
119581
119584
119586
119589
119591
119592
119593
119595
119597
119598
119599
119602
119603
119605
119609
119612
119614
119618
119620
119621
119625
119632
119635
119644
119646
119648
119654
119657
119659
119661
119664
119671
119675
119680
119685
119686
119693
119697
119698
119700
119701
119704
119705
119707
119709
119711
119714
119716
119718
119719
119721
119723
119727
119732
119735
119739
119741
119746
119750
119755
119757
119759
119762
119766
119769
119771
119773
119775
119777
119779
119781
119783
119786
119788
119790
119795
119798
119800
119802
119807
119809
119812
119816
119821
119824
119827
119828
119833
119835
119839
119843
119844
119849
119852
119856
119859
119861
119863
119867
119869
119871
119872
119874
119876
119878
119883
119884
119886
119890
119893
119895
119897
119899
119905
119909
119912
119914
119916
119921
119926
119930
119935
119936
119939
119944
119947
119949
119952
119953
119955
119960
119964
119966
119970
119974
119977
119979
119981
119984
119988
119989
119992
119998
120000
120002
120003
120004
120005
120008
120013
120016
120017
120019
120022
120024
120025
120027
120030
120031
120032
120034
120035
120038
120042
120043
120046
120048
120054
120057
120059
120062
120066
120069
120072
120073
120077
120079
120081
120082
120084
120088
120089
120095
120098
120100
120104
120108
120113
120119
120123
120129
120131
120137
120140
120144
120147
120148
120150
120152
120154
120158
120160
120164
120166
120168
120170
120172
120174
120176
120177
120181
120186
120197
120200
120205
120208
120211
120219
120221
120225
120228
120230
120233
120238
120242
120244
120246
120249
120251
120256
120261
120262
120264
120267
120270
120276
120279
120280
120282
120284
120285
120288
120289
120291
120294
120297
120299
120300
120304
120306
120307
120308
120310
120313
120315
120320
120323
120324
120329
120331
120333
120334
120338
120340
120343
120345
120347
120348
120351
120353
120355
120356
120357
120359
120361
120363
120364
120366
120368
120371
120372
120373
120377
120379
120381
120382
120385
120386
120389
120392
120395
120398
120401
120403
120405
120406
120413
120415
120416
120421
120425
120430
120435
120438
120444
120446
120447
120451
120458
120461
120463
120465
120468
120471
120473
120475
120480
120482
120484
120486
120488
120490
120492
120494
120497
120503
120505
120507
120510
120513
120517
120520
120524
120525
120529
120531
120533
120537
120539
120541
120546
120548
120552
120554
120557
120560
120564
120570
120572
120575
120576
120577
120578
120582
120586
120587
120590
120591
120592
120594
120596
120599
120603
120605
120608
120611
120616
120619
120621
120623
120625
120627
120629
120631
120636
120638
120639
120642
120643
120646
120649
120652
120655
120656
120658
120661
120662
120665
120668
120670
120674
120676
120679
120682
120684
120685
120688
120689
120692
120699
120700
120702
120704
120705
120706
120708
120711
120715
120716
120718
120722
120724
120726
120728
120731
120733
120735
120743
120746
120749
120751
120754
120757
120759
120760
120762
120764
120767
120770
120773
120776
120779
120780
120782
120785
120788
120792
120795
120797
120798
120799
120808
120816
120819
120821
120823
120826
120828
120830
120833
120834
120837
120841
120843
120845
120847
120849
120851
120863
120867
120875
120877
120887
120891
120898
120900
120903
120906
120907
120910
120911
120921
120922
120925
120927
120928
120930
120931
120933
120935
120936
120942
120943
120955
120956
120959
120960
120963
120964
120966
120968
120970
120977
120980
120984
120986
120988
120991
120992
120993
121007
121008
121022
121023
121027
121031
121032
121034
121036
121039
121043
121046
121049
121051
121054
121055
121063
121065
121071
121073
121077
121080
121081
121084
121086
121092
121094
121095
121097
121100
121101
121103
121107
121112
121116
121118
121120
121136
121137
121139
121140
121147
121149
121153
121158
121162
121163
121175
121176
121177
121180
121182
121185
121186
121189
121190
121191
121193
121196
121198
121204
121209
121221
121223
121226
121234
121237
121248
121249
121252
121254
121257
121258
121261
121262
121263
121265
121268
121270
121271
121273
121279
121280
121286
121288
121293
121296
121299
121301
121304
121306
121309
121311
121317
121324
121327
121330
121347
121348
121350
121354
121357
121368
121369
121371
121380
121381
121389
121392
121394
121396
121398
121401
121402
121405
121409
121413
121414
121416
121419
121421
121422
121425
121430
121431
121432
121433
121436
121438
121445
121447
121449
121451
121459
121460
121462
121465
121469
121471
121477
121479
121485
121491
121493
121495
121504
121508
121514
121517
121528
121530
121533
121535
121536
121541
121546
121552
121556
121562
121564
121568
121572
121576
121580
121581
121586
121588
121594
121598
121605
121606
121611
121613
121615
121617
121618
121620
121622
121624
121626
121628
121630
121631
121635
121637
121642
121644
121646
121647
121651
121655
121657
121659
121662
121663
121665
121677
121681
121687
121689
121692
121693
121697
121698
121699
121701
121711
121714
121722
121727
121729
121737
121738
121740
121741
121744
121746
121749
121750
121751
121753
121755
121758
121761
121762
121767
121770
121771
121773
121780
121782
121787
121790
121799
121802
121811
121813
121816
121820
121821
121823
121827
121828
121837
121839
121845
121848
121853
121856
121861
121862
121864
121865
121867
121869
121873
121874
121894
121895
121898
121900
121901
121902
121909
121915
121919
121921
121924
121925
121929
121930
121941
121942
121945
121947
121951
121952
121958
121960
121971
121972
121973
121975
121981
121983
121985
121988
121992
121994
121997
121998
122004
122005
122008
122010
122012
122014
122017
122018
122019
122021
122028
122033
122036
122039
122047
122050
122055
122057
122058
122061
122062
122064
122080
122081
122084
122087
122088
122091
122094
122095
122100
122101
122108
122111
122115
122117
122119
122122
122133
122135
122138
122139
122141
122143
122144
122146
122155
122156
122159
122162
122165
122169
122172
122179
122183
122185
122189
122193
122197
122226
122227
122233
122234
122237
122238
122254
122256
122286
122288
122289
122324
122327
122332
122334
122344
122345
122347
122349
122351
122354
122358
122361
122365
122369
122370
122373
122374
122379
122381
122383
122385
122387
122389
122407
122408
122427
122430
122434
122435
122448
122451
122457
122458
122460
122461
122463
122468
122471
122473
122480
122484
122487
122489
122509
122511
122513
122514
122536
122537
122541
122542
122544
122547
122555
122556
122582
122586
122590
122591
122594
122596
122612
122614
122615
122621
122622
122624
122626
122631
122635
122639
122640
122642
122644
122646
122650
122652
122653
122695
122698
122701
122702
122705
122706
122715
122726
122729
122732
122737
122740
122741
122744
122746
122749
122751
122760
122761
122769
122770
122781
122783
122789
122790
122813
122815
122816
122819
122820
122823
122828
122829
122840
122844
122846
122847
122854
122856
122858
122863
122869
122876
122900
122902
122905
122906
122910
122913
122918
122919
122926
122928
122933
122936
122938
122941
122945
122947
122950
122951
122961
122963
122968
122976
122983
122989
122992
122994
123007
123010
123011
123012
123013
123018
123028
123030
123031
123034
123037
123043
123045
123048
123051
123052
123063
123065
123066
123067
123070
123072
123078
123079
123082
123083
123086
123087
123090
123092
123099
123101
123102
123104
123107
123108
123115
123116
123120
123121
123122
123129
123134
123141
123144
123148
123150
123151
123156
123157
123158
123159
123162
123164
123165
123168
123169
123171
123174
123179
123182
123189
123190
123193
123194
123202
123203
123205
123208
123210
123211
123213
123215
123218
123233
123235
123242
123245
123248
123250
123253
123254
123263
123265
123273
123275
123284
123286
123290
123292
123293
123294
123295
123296
123299
123302
123305
123308
123309
123312
123318
123319
123322
123324
123326
123328
123331
123332
123334
123335
123341
123344
123345
123349
123353
123360
123372
123374
123375
123376
123385
123390
123393
123395
123401
123402
123409
123414
123417
123420
123422
123426
123427
123430
123431
123433
123437
123442
123443
123444
123446
123451
123452
123454
123457
123458
123459
123463
123464
123471
123473
123476
123477
123486
123489
123490
123491
123494
123495
123500
123501
123502
123504
123509
123513
123517
123519
123522
123523
123528
123530
123534
123537
123540
123541
123547
123549
123551
123553
123556
123558
123567
123569
123572
123574
123579
123582
123583
123587
123593
123596
123598
123602
123603
123609
123611
123617
123619
123621
123622
123629
123630
123637
123638
123646
123649
123650
123651
123654
123656
123658
123666
123667
123673
123676
123680
123683
123684
123685
123690
123693
123694
123702
123704
123708
123712
123715
123716
123717
123721
123723
123726
123727
123729
123730
123732
123733
123740
123742
123745
123747
123748
123750
123757
123759
123760
123763
123772
123773
123780
123789
123790
123792
123796
123797
123803
123805
123810
123813
123816
123819
123821
123823
123827
123828
123834
123835
123836
123841
123842
123846
123852
123853
123855
123857
123866
123869
123879
123880
123886
123887
123888
123896
123898
123900
123902
123905
123908
123910
123922
123923
123930
123934
123940
123942
123959
123961
123963
123965
123966
123968
123970
123973
123976
123977
123978
123980
123982
123985
123997
123999
124001
124002
124004
124006
124007
124009
124012
124013
124018
124020
124022
124025
124030
124032
124035
124036
124038
124039
124042
124045
124047
124052
124053
124056
124058
124060
124061
124064
124066
124071
124073
124075
124076
124091
124096
124098
124100
124103
124109
124110
124113
124115
124116
124118
124123
124125
124126
124130
124133
124136
124151
124153
124155
124156
124158
124162
124166
124168
124172
124175
124184
124185
124188
124194
124198
124199
124203
124205
124210
124213
124223
124224
124227
124230
124233
124234
124235
124239
124243
124244
124245
124246
124249
124251
124257
124258
124261
124262
124268
124269
124271
124279
124283
124284
124291
124294
124297
124300
124323
124324
124329
124330
124335
124336
124337
124339
124343
124347
124349
124350
124354
124356
124357
124360
124365
124366
124370
124372
124374
124376
124378
124384
124390
124391
124393
124396
124402
124404
124408
124410
124427
124431
124436
124438
124440
124442
124449
124451
124460
124461
124465
124466
124476
124478
124481
124484
124486
124490
124491
124494
124499
124501
124504
124505
124515
124517
124523
124524
124525
124528
124530
124534
124537
124538
124540
124545
124552
124553
124555
124560
124571
124572
124573
124574
124578
124581
124586
124587
124596
124604
124608
124615
124616
124655
124658
124673
124675
124678
124679
124686
124689
124706
124707
124712
124716
124728
124729
124731
124733
124735
124743
124748
124749
124752
124753
124765
124768
124770
124774
124784
124788
124804
124805
124812
124814
124816
124817
124820
124821
124825
124827
124828
124829
124838
124841
124845
124849
124856
124859
124860
124868
124870
124873
124874
124876
124878
124884
124887
124889
124898
124899
124912
124914
124917
124918
124924
124925
124940
124941
124942
124949
124966
124968
124985
124988
124994
124996
125002
125004
125010
125012
125013
125017
125019
125020
125029
125033
125035
125037
125053
125055
125056
125057
125058
125061
125073
125076
125077
125089
125090
125146
125148
125150
125152
125156
125158
125163
125165
125170
125173
125174
125179
125189
125190
125192
125193
125204
125206
125213
125214
125218
125220
125231
125233
125241
125242
125244
125245
125251
125252
125255
125257
125259
125270
125271
125276
125280
125281
125284
125292
125293
125305
125307
125309
125311
125323
125327
125332
125336
125345
125350
125354
125356
125357
125360
125365
125368
125371
125372
125377
125383
125385
125388
125389
125390
125393
125394
125395
125398
125401
125403
125405
125408
125409
125413
125415
125417
125420
125423
125425
125426
125429
125442
125445
125447
125451
125454
125459
125461
125463
125466
125467
125468
125472
125494
125497
125498
125503
125506
125510
125517
125518
125521
125522
125523
125524
125527
125528
125532
125534
125537
125541
125546
125549
125551
125554
125562
125564
125566
125567
125581
125584
125587
125590
125595
125597
125602
125604
125609
125616
125621
125622
125645
125648
125651
125654
125658
125660
125665
125666
125675
125677
125680
125681
125688
125689
125699
125701
125705
125709
125711
125713
125715
125716
125721
125722
125723
125727
125734
125736
125741
125743
125755
125756
125766
125768
125769
125771
125775
125778
125779
125780
125785
125788
125790
125792
125794
125796
125798
125799
125802
125803
125811
125812
125821
125822
125831
125832
125835
125837
125840
125842
125843
125845
125847
125848
125851
125852
125857
125860
125869
125876
125883
125886
125887
125888
125901
125910
125923
125924
125927
125928
125933
125934
125944
125947
125953
125954
125957
125965
125967
125982
125986
125989
125993
126015
126017
126020
126024
126031
126042
126050
126052
126053
126067
126068
126071
126073
126090
126091
126094
126095
126097
126098
126108
126112
126130
126132
126141
126145
126149
126153
126171
126175
126181
126188
126192
126193
126196
126198
126200
126203
126205
126207
126209
126211
126221
126224
126225
126228
126241
126245
126248
126251
126254
126256
126260
126261
126266
126268
126270
126272
126279
126280
126281
126294
126299
126304
126305
126319
126323
126346
126348
126351
126353
126354
126356
126358
126361
126365
126367
126371
126372
126374
126376
126379
126380
126381
126393
126394
126400
126405
126408
126410
126413
126416
126429
126432
126438
126440
126450
126453
126455
126459
126463
126465
126468
126469
126477
126480
126484
126485
126487
126491
126495
126497
126504
126508
126512
126513
126533
126536
126546
126552
126569
126571
126572
126575
126580
126581
126595
126597
126598
126601
126602
126606
126610
126611
126613
126616
126618
126619
126623
126626
126628
126629
126638
126639
126645
126646
126655
126662
126665
126666
126671
126674
126683
126684
126685
126687
126691
126692
126694
126696
126697
126699
126701
126702
126706
126709
126713
126722
126735
126738
126745
126746
126748
126749
126756
126759
126766
126770
126775
126779
126783
126784
126791
126799
126805
126808
126819
126820
126833
126836
126840
126843
126846
126848
126849
126853
126865
126866
126867
126869
126873
126874
126879
126883
126886
126888
126889
126891
126894
126895
126898
126899
126908
126911
126912
126914
126918
126922
126926
126931
126932
126935
126936
126939
126940
126943
126946
126956
126957
126960
126962
126963
126965
126968
126970
126971
126973
126976
126977
126983
126986
126989
126991
126998
127000
127001
127004
127009
127012
127014
127017
127020
127026
127027
127030
127036
127038
127039
127042
127045
127046
127055
127057
127062
127064
127066
127067
127071
127073
127076
127078
127080
127083
127085
127088
127093
127095
127099
127102
127111
127114
127115
127116
127126
127127
127134
127136
127146
127149
127151
127152
127165
127172
127173
127174
127177
127179
127181
127183
127185
127188
127199
127200
127202
127207
127209
127216
127221
127225
127239
127240
127245
127246
127251
127254
127255
127256
127264
127266
127268
127269
127272
127276
127278
127279
127291
127294
127296
127299
127300
127302
127304
127305
127323
127326
127334
127336
127337
127339
127342
127344
127347
127349
127359
127362
127365
127369
127371
127375
127380
127382
127383
127384
127387
127388
127395
127398
127400
127401
127404
127407
127409
127411
127412
127416
127418
127423
127424
127425
127429
127431
127434
127438
127440
127441
127444
127452
127456
127459
127460
127461
127472
127475
127477
127479
127480
127481
127486
127489
127490
127494
127498
127500
127502
127504
127507
127509
127515
127516
127520
127521
127523
127525
127529
127530
127534
127535
127537
127538
127540
127541
127546
127547
127550
127554
127557
127560
127566
127567
127568
127571
127574
127576
127578
127579
127589
127592
127594
127596
127603
127604
127607
127610
127611
127613
127621
127623
127626
127627
127630
127631
127640
127641
127650
127651
127665
127667
127669
127671
127672
127676
127684
127687
127690
127692
127695
127698
127708
127711
127728
127730
127732
127735
127737
127740
127756
127758
127765
127767
127778
127779
127796
127797
127798
127799
127803
127804
127806
127807
127811
127813
127815
127816
127827
127830
127833
127835
127837
127839
127843
127844
127845
127847
127849
127850
127855
127858
127861
127862
127863
127864
127871
127872
127877
127878
127880
127882
127886
127887
127892
127894
127899
127900
127908
127909
127910
127911
127915
127917
127919
127921
127924
127928
127931
127935
127938
127944
127947
127950
127955
127957
127959
127961
127962
127963
127967
127969
127973
127975
127978
127980
127987
127988
127990
127993
127997
127999
128002
128005
128006
128009
128010
128014
128019
128020
128024
128026
128051
128053
128055
128057
128062
128063
128067
128068
128081
128082
128086
128088
128096
128098
128106
128109
128124
128126
128127
128132
128137
128138
128147
128151
128157
128158
128161
128164
128166
128168
128171
128174
128175
128176
128180
128181
128183
128185
128187
128190
128193
128195
128198
128199
128213
128214
128221
128226
128231
128232
128235
128236
128237
128240
128245
128247
128253
128254
128257
128259
128265
128266
128271
128275
128277
128286
128287
128295
128300
128302
128303
128304
128309
128311
128313
128315
128318
128319
128321
128323
128325
128328
128342
128345
128346
128347
128364
128365
128367
128369
128376
128379
128384
128385
128388
128390
128392
128395
128396
128397
128401
128402
128404
128406
128410
128411
128412
128415
128418
128421
128424
128427
128448
128450
128454
128456
128458
128460
128474
128475
128486
128489
128506
128509
128511
128513
128515
128516
128518
128520
128535
128537
128542
128544
128546
128549
128557
128558
128567
128573
128574
128575
128578
128579
128584
128585
128587
128588
128590
128592
128600
128604
128607
128611
128615
128621
128628
128629
128635
128637
128642
128645
128657
128659
128661
128662
128671
128674
128675
128678
128687
128688
128689
128690
128693
128695
128697
128700
128702
128704
128707
128713
128716
128718
128724
128727
128729
128730
128738
128741
128743
128746
128747
128749
128754
128755
128756
128758
128760
128765
128767
128769
128772
128774
128779
128781
128788
128791
128794
128798
128802
128806
128824
128826
128829
128830
128836
128838
128841
128843
128850
128851
128852
128854
128857
128859
128861
128862
128868
128871
128872
128873
128876
128885
128886
128887
128892
128895
128896
128901
128904
128905
128906
128909
128911
128913
128914
128915
128922
128929
128931
128933
128934
128936
128943
128945
128964
128966
128969
128972
128975
128978
128981
128983
128984
128986
128993
128994
128996
128999
129006
129008
129011
129015
129018
129020
129030
129032
129034
129036
129042
129044
129046
129048
129052
129056
129058
129059
129064
129065
129078
129080
129082
129084
129085
129089
129097
129100
129102
129104
129113
129114
129117
129118
129121
129122
129128
129129
129141
129145
129147
129149
129154
129156
129161
129163
129169
129173
129176
129178
129181
129182
129183
129186
129187
129188
129191
129193
129195
129197
129199
129200
129201
129206
129209
129212
129213
129214
129215
129216
129218
129220
129223
129224
129226
129256
129257
129266
129274
129276
129283
129286
129287
129288
129289
129291
129294
129296
129298
129299
129307
129308
129310
129312
129314
129316
129317
129318
129325
129329
129333
129336
129339
129340
129345
129349
129351
129352
129363
129365
129369
129370
129378
129380
129381
129383
129387
129389
129392
129394
129397
129398
129402
129403
129405
129408
129413
129415
129418
129420
129421
129424
129426
129428
129432
129435
129438
129439
129440
129441
129443
129444
129449
129450
129455
129461
129462
129465
129476
129479
129490
129492
129496
129497
129501
129505
129508
129510
129519
129521
129523
129536
129538
129540
129541
129549
129550
129554
129559
129560
129563
129565
129567
129571
129574
129575
129581
129582
129586
129592
129593
129601
129603
129625
129630
129634
129635
129638
129639
129647
129649
129660
129661
129663
129665
129667
129671
129680
129682
129683
129686
129693
129695
129701
129704
129708
129710
129719
129721
129725
129728
129729
129730
129733
129735
129747
129751
129753
129755
129761
129764
129766
129768
129769
129773
129780
129784
129785
129787
129790
129814
129815
129817
129818
129827
129834
129837
129839
129841
129843
129847
129848
129850
129851
129869
129871
129874
129875
129884
129885
129887
129889
129891
129892
129899
129903
129910
129911
129921
129922
129929
129934
129939
129940
129954
129958
129972
129974
129979
129985
129987
129988
129993
129996
130003
130004
130009
130010
130014
130016
130021
130024
130025
130026
130033
130036
130037
130044
130047
130050
130057
130059
130065
130066
130079
130081
130089
130090
130111
130115
130125
130131
130135
130136
130151
130156
130157
130158
130163
130168
130169
130173
130189
130190
130193
130194
130202
130204
130205
130206
130211
130218
130227
130228
130231
130234
130237
130238
130240
130249
130250
130253
130260
130263
130264
130266
130268
130269
130277
130278
130281
130283
130286
130288
130296
130298
130301
130302
130303
130307
130309
130314
130322
130323
130339
130343
130346
130348
130350
130351
130353
130355
130357
130359
130360
130361
130362
130363
130365
130370
130375
130387
130413
130415
130425
130427
130431
130436
130442
130445
130446
130450
130458
130459
130462
130472
130479
130492
130493
130496
130497
130498
130499
130502
130503
130533
130543
130553
130555
130569
130573
130582
130593
130594
130601
130602
130629
130631
130633
130635
130646
130647
130651
130653
130662
130665
130668
130669
130678
130685
130692
130721
130722
130728
130730
130771
130773
130785
130786
130790
130792
130797
130800
130808
130811
130813
130818
130824
130825
130827
130831
130833
130838
130845
130848
130850
130858
130860
130861
130863
130866
130867
130874
130875
130878
130879
130882
130884
130886
130888
130892
130895
130912
130913
130979
130980
130981
130983
130994
131003
131005
131010
131013
131018
131019
131022
131037
131042
131043
131046
131048
131050
131051
131061
131063
131064
131071
131076
131078
131080
131081
131083
131085
131088
131091
131096
131097
131107
131114
131116
131128
131130
131131
131133
131136
131143
131163
131164
131165
131166
131167
131168
131171
131174
131179
131182
131184
131185
131200
131203
131213
131216
131218
131219
131222
131245
131253
131265
131266
131270
131271
131273
131276
131280
131283
131297
131301
131305
131308
131317
131318
131332
131334
131336
131338
131340
131342
131343
131346
131348
131355
131357
131362
131364
131366
131368
131372
131373
131379
131381
131401
131402
131405
131407
131412
131416
131427
131433
131442
131443
131446
131447
131448
131462
131464
131466
131469
131482
131484
131491
131493
131499
131501
131514
131516
131518
131521
131526
131527
131537
131539
131542
131544
131545
131546
131550
131553
131555
131558
131560
131573
131578
131580
131590
131593
131595
131596
131666
131670
131736
131739
131864
131865
131896
131898
131899
131901
132005
132009
132118
132120
132138
132140
132174
132178
132180
132183
132185
132186
132756
132757
132762
132763
132783
132784
132788
132791
132800
132803
132810
132811
132820
132827
132856
132857
132859
132860
132903
132906
132909
132912
132915
132916
132919
132921
132924
132925
132927
132933
132936
132939
132959
132961
132963
132964
132973
132974
132977
132978
132983
132985
132987
132989
132992
132994
132995
132998
133007
133009
133014
133017
133026
133027
133035
133036
133045
133046
133060
133063
133070
133071
133082
133086
133092
133093
133102
133105
133106
133108
133114
133115
133118
133120
133128
133129
133132
133134
133144
133146
133156
133157
133181
133184
133188
133194
133195
133198
133199
133200
133225
133227
133240
133241
133253
133255
133256
133258
133260
133262
133264
133265
133274
133275
133281
133282
133298
133300
133303
133305
133308
133310
133318
133320
133322
133324
133326
133327
133330
133332
133334
133335
133345
133352
133353
133355
133361
133364
133373
133377
133385
133386
133417
133420
133423
133424
133425
133426
133427
133429
133449
133450
133460
133464
133467
133468
133470
133472
133474
133476
133486
133488
133489
133491
133493
133495
133505
133508
133509
133512
133513
133516
133527
133529
133531
133532
133540
133541
133552
133555
133557
133559
133561
133563
133565
133568
133569
133572
133575
133576
133581
133583
133588
133590
133599
133601
133604
133607
133621
133624
133628
133629
133630
133631
133633
133634
133648
133656
133662
133663
133667
133669
133683
133684
133693
133698
133710
133711
133713
133714
133716
133718
133727
133729
133736
133737
133770
133772
133782
133791
133796
133801
133802
133805
133810
133815
133816
133831
133833
133834
133835
133836
133839
133840
133842
133855
133856
133858
133859
133879
133880
133882
133884
133896
133897
133900
133906
133916
133917
133925
133926
133932
133934
133947
133948
133951
133952
133984
133986
134001
134002
134009
134012
134016
134017
134022
134024
134027
134028
134039
134041
134044
134045
134052
134055
134059
134061
134074
134075
134084
134088
134094
134101
134109
134110
134122
134123
134133
134134
134142
134146
134148
134149
134150
134152
134156
134159
134165
134167
134169
134171
134176
134177
134181
134183
134195
134196
134198
134203
134207
134208
134211
134212
134215
134218
134220
134226
134230
134234
134263
134266
134274
134277
134278
134289
134294
134295
134297
134299
134302
134313
134315
134317
134320
134321
134322
134334
134336
134356
134363
134371
134373
134376
134381
134383
134387
134390
134391
134409
134410
134413
134415
134434
134441
134462
134466
134468
134472
134473
134474
134475
134494
134499
134503
134507
134510
134518
134520
134522
134526
134532
134535
134545
134546
134547
134552
134565
134567
134585
134588
134589
134592
134593
134594
134595
134602
134605
134607
134611
134614
134619
134621
134623
134624
134635
134637
134643
134644
134645
134646
134670
134672
134673
134676
134689
134690
134691
134695
134699
134701
134710
134713
134721
134723
134726
134728
134735
134737
134741
134742
134747
134750
134754
134756
134760
134768
134770
134773
134774
134776
134779
134780
134793
134797
134808
134809
134813
134815
134838
134841
134848
134852
134890
134891
134896
134897
134922
134923
134935
134936
134946
134947
134948
134951
134978
134985
134988
134993
134999
135002
135004
135007
135015
135019
135025
135029
135044
135045
135047
135048
135053
135054
135056
135059
135063
135064
135066
135070
135077
135079
135086
135087
135092
135094
135097
135099
135104
135105
135120
135122
135138
135139
135153
135154
135157
135158
135202
135207
135212
135215
135228
135230
135232
135233
135237
135239
135255
135256
135258
135267
135268
135271
135280
135281
135282
135285
135301
135302
135306
135315
135324
135325
135328
135330
135332
135334
135337
135340
135341
135343
135346
135348
135349
135351
135359
135360
135363
135370
135372
135375
135376
135378
135384
135385
135392
135393
135409
135410
135415
135417
135432
135434
135437
135439
135441
135442
135448
135449
135450
135451
135452
135459
135462
135465
135481
135482
135485
135488
135490
135492
135506
135507
135511
135513
135514
135523
135524
135525
135527
135528
135531
135534
135537
135540
135559
135560
135564
135566
135567
135569
135572
135580
135589
135591
135598
135601
135602
135604
135609
135610
135618
135620
135635
135637
135638
135647
135654
135655
135668
135670
135673
135675
135677
135678
135682
135684
135689
135692
135697
135698
135709
135710
135711
135714
135741
135742
135746
135747
135749
135750
135751
135752
135753
135754
135755
135757
135759
135762
135764
135766
135767
135770
135772
135774
135775
135776
135778
135779
135781
135784
135786
135787
135793
135794
135797
135800
135804
135805
135810
135812
135813
135815
135827
135832
135833
135836
135839
135841
135853
135854
135857
135858
135860
135863
135864
135866
135870
135872
135874
135879
135884
135885
135902
135905
135906
135909
135914
135916
135920
135921
135932
135935
135938
135941
135942
135947
135953
135957
135962
135964
135967
135970
136000
136001
136004
136007
136011
136017
136018
136020
136023
136026
136029
136031
136032
136033
136036
136039
136042
136043
136056
136058
136060
136063
136077
136080
136083
136084
136086
136088
136096
136103
136107
136109
136115
136120
136122
136124
136127
136128
136130
136131
136134
136135
136141
136142
136145
136148
136160
136162
136170
136172
136174
136179
136188
136190
136194
136196
136199
136206
136213
136214
136233
136235
136242
136243
136248
136249
136251
136254
136262
136264
136271
136273
136284
136286
136291
136292
136307
136308
136309
136311
136314
136315
136321
136324
136327
136329
136332
136334
136336
136337
136340
136344
136349
136353
136356
136357
136359
136360
136362
136363
136384
136387
136404
136407
136410
136413
136414
136415
136419
136420
136432
136433
136436
136438
136441
136442
136449
136452
136453
136455
136474
136476
136479
136480
136488
136496
136499
136502
136504
136510
136511
136519
136521
136539
136542
136545
136548
136558
136563
136567
138218
138220
138224
138227
138244
138247
138256
138257
138262
138270
138281
138282
138288
138299
138308
138310
138312
138318
138323
138330
138337
138343
138358
138372
138376
138382
138383
138386
138391
138394
