100033
100038
100042
100043
100047
100058
100064
100078
100081
100084
100087
100119
100124
100153
100172
100175
100177
100219
100221
100223
100234
100247
100254
100265
100281
100299
100313
100315
100317
100319
100323
100349
100352
100354
100356
100363
100365
100369
100375
100376
100377
100379
100380
100387
100388
100414
100415
100418
100471
100473
100475
100476
100477
100480
100484
100493
100496
100499
100520
100522
100526
100528
100536
100538
100546
100550
100597
100601
100603
100608
100617
100631
100639
100641
100651
100664
100669
100684
100723
100740
100741
100781
100784
100789
100795
100807
100814
100821
100822
100835
100837
100851
100856
100859
100865
100868
100898
100948
100966
100967
100968
100998
101001
101002
101042
101048
101065
101070
101072
101083
101144
101161
101162
101169
101185
101187
101199
101201
101206
101209
101228
101232
101244
101262
101263
101265
101271
101304
101314
101316
101317
101357
101373
101408
101465
101491
101498
101520
101521
101525
101537
101539
101548
101585
101588
101592
101594
101599
101619
101635
101656
101665
101672
101685
101703
101738
101758
101762
101764
101766
101802
101806
101818
101824
101830
101837
101844
101847
101862
101863
101869
101872
101893
101906
101909
101912
101922
101932
101934
101945
101971
101976
101979
101989
101993
101996
102000
102009
102012
102020
102053
102133
102135
102137
102139
102141
102142
102147
102172
102205
102252
102262
102267
102272
102326
102328
102330
102337
102394
102395
102398
102401
102414
102431
102432
102434
102448
102452
102503
102505
102510
102512
102528
102532
102535
102540
102544
102574
102591
102594
102661
102672
102673
102722
102741
102751
102752
102756
102760
102767
102807
102823
102846
102847
102849
102875
102883
102885
102913
102920
102941
102948
103006
103024
103026
103034
103040
103048
103085
103098
103111
103131
103145
103149
103151
103155
103159
103166
103168
103174
103176
103178
103192
103195
103196
103215
103225
103234
103309
103312
103335
103339
103340
103347
103360
103390
103397
103407
103408
103464
103476
103490
103504
103633
103678
103734
103780
103819
104075
104138
104241
104271
104331
104344
104350
104481
104486
104488
104513
104523
104636
104637
104683
104685
104707
104726
104728
104772
104908
105001
105185
105189
105229
105274
105280
105400
105417
105433
105460
105503
105562
105563
105564
105603
105628
105661
105663
105669
105689
105758
105804
105817
105823
105875
105882
105884
105968
105989
106060
106096
106143
106144
106145
106166
106170
106177
106183
106185
106212
106217
106227
106231
106235
106240
106260
106317
106338
106366
106370
106384
106412
106425
106441
106597
106624
106654
106707
106709
106736
106737
106793
106796
106823
106841
106871
106873
106876
106979
107071
107088
107193
107228
107247
107248
107249
107288
107328
107353
107410
107477
107524
107578
107705
107745
107763
107988
108167
108202
108249
108258
108273
108305
108378
108466
108511
108545
108592
108594
108596
108632
108690
108728
108753
108756
108765
108768
108799
108845
108909
108995
109059
109061
109254
109269
109275
109353
109371
109445
109465
109522
109617
109717
109720
109740
109830
110024
110468
110599
110603
111349
111381
111524
111525
111549
111569
111585
111599
111638
111646
111704
111709
111710
111712
111715
111722
111743
111746
111748
111753
111787
111803
111848
111915
111935
111937
111940
111941
111957
111962
111987
112012
112029
112031
112039
112064
112077
112083
112088
112090
112092
112096
112098
112108
112117
112120
112123
112126
112152
112171
112210
112214
112277
112293
112304
112323
112327
112329
112332
112342
112353
112354
112359
112408
112410
112423
112429
112457
112487
112496
112600
112632
112636
112713
112717
112721
112868
112877
112901
112924
112932
112936
112938
112939
112943
112948
112957
113036
113047
113063
113064
113070
113077
113096
113099
113135
113142
113177
113178
113221
113249
113251
113269
113270
113296
113297
113327
113345
113460
113463
113476
113526
113544
113547
113560
113566
114099
114216
114239
114301
114359
114458
114476
114564
114616
114758
114855
114859
114931
114982
115005
115068
115077
115092
115116
115132
115270
115398
115676
115790
115833
115882
115887
115897
115934
115942
115943
115944
115991
116051
116077
116153
116299
116424
116471
116485
116547
116555
116583
116633
116796
116811
116894
117311
117312
117446
117549
117560
117608
117620
117631
117691
117716
117945
117951
117953
117957
117981
118030
118043
118047
118049
118053
118058
118069
118078
118102
118133
118191
118194
118232
118267
118269
118272
118273
118275
118278
118282
118284
118285
118291
118299
118305
118309
118317
118320
118341
118344
118345
118347
118348
118349
118350
118364
118371
118384
118387
118394
118401
118407
118410
118416
118419
118421
118424
118452
118464
118469
118473
118474
118477
118479
118481
118482
118485
118486
118489
118491
118494
118495
118498
118506
118508
118510
118512
118514
118516
118518
118519
118525
118527
118530
118531
118533
118535
118537
118539
118540
118543
118546
118548
118551
118553
118554
118557
118559
118560
118564
118565
118569
118574
118577
118581
118583
118585
118588
118589
118595
118598
118615
118617
118620
118623
118624
118632
118633
118650
118651
118656
118663
118665
118666
118668
118672
118675
118678
118679
118687
118691
118692
118701
118702
118709
118715
118719
118722
118724
118726
118736
118741
118742
118747
118758
118759
118762
118763
118769
118770
118777
118778
118780
118784
118785
118791
118794
118796
118803
118804
118807
118814
118825
118834
118837
118840
118859
118866
118868
118870
118872
118876
118879
118881
118883
118893
118902
118907
118924
118929
118931
118935
118942
118950
118955
118961
118968
118979
118987
118989
118994
119016
119018
119019
119028
119053
119060
119062
119069
119071
119075
119076
119081
119082
119091
119092
119096
119097
119099
119106
119110
119116
119118
119125
119127
119128
119131
119133
119135
119143
119148
119156
119160
119164
119172
119176
119177
119178
119186
119202
119205
119212
119218
119226
119231
119239
119242
119243
119247
119250
119251
119252
119255
119256
119271
119275
119277
119279
119283
119291
119292
119298
119303
119307
119308
119311
119312
119326
119333
119337
119341
119347
119350
119351
119354
119364
119367
119369
119379
119382
119389
119392
119393
119397
119400
119404
119410
119413
119415
119417
119424
119425
119428
119431
119436
119438
119441
119448
119451
119452
119457
119462
119464
119468
119472
119474
119482
119484
119488
119498
119501
119505
119507
119511
119514
119517
119518
119523
119526
119528
119533
119535
119539
119542
119544
119549
119550
119556
119564
119566
119568
119576
119578
119581
119589
119591
119595
119597
119598
119602
119605
119609
119620
119621
119625
119632
119635
119646
119648
119657
119659
119661
119664
119671
119675
119680
119686
119700
119705
119707
119709
119711
119714
119716
119718
119719
119721
119723
119727
119732
119735
119739
119741
119746
119750
119755
119757
119759
119766
119769
119771
119773
119775
119777
119779
119781
119783
119786
119788
119790
119795
119798
119800
119802
119807
119809
119812
119816
119821
119824
119827
119828
119833
119835
119839
119843
119844
119849
119852
119856
119861
119863
119876
119893
119949
119953
119960
119984
119988
119992
120002
120008
120030
120034
120035
120038
120043
120046
120048
120059
120062
120066
120069
120073
120079
120082
120084
120131
120137
120147
120152
120154
120158
120164
120166
120186
120197
120211
120242
120244
120249
120251
120256
120261
120264
120267
120270
120276
120279
120282
120285
120299
120304
120307
120308
120313
120315
120323
120333
120334
120338
120348
120351
120356
120357
120364
120377
120381
120385
120389
120392
120395
120398
120401
120403
120405
120406
120413
120416
120425
120430
120435
120438
120444
120447
120451
120458
120465
120468
120471
120473
120475
120480
120482
120484
120486
120488
120490
120492
120494
120497
120503
120505
120507
120510
120513
120517
120520
120524
120531
120537
120539
120541
120546
120560
120564
120570
120575
120576
120577
120578
120586
120587
120590
120591
120592
120594
120596
120599
120603
120616
120619
120621
120656
120662
120665
120670
120674
120676
120679
120682
120684
120685
120688
120689
120692
120700
120702
120705
120711
120715
120716
120718
120722
120724
120726
120728
120731
120733
120735
120743
120746
120749
120751
120754
120760
120762
120764
120779
120780
120782
120785
120792
120795
120798
120799
120819
120821
120823
120826
120828
120830
120833
120834
120837
120841
120843
120845
120847
120877
120903
120970
120984
120986
121034
121153
121158
121182
121279
121280
121413
121722
122165
122387
122389
122612
122639
122640
122642
122644
122646
122650
122715
122950
122951
123063
123065
123401
123402
123637
123638
123646
123651
123654
123690
123693
123704
123708
123978
124172
124175
124233
124234
124596
125077
125259
125305
125307
125345
125350
125354
125494
125497
125498
125503
125595
125597
125711
125713
125953
126031
126351
126353
126393
126394
126685
126687
126939
126940
127039
127042
127071
127073
127181
127183
127304
127305
127849
127850
128006
128009
128051
128053
128235
128236
128542
128544
128628
128629
129006
129008
129046
129048
129052
129065
129187
129188
129191
129193
129195
129197
129199
129200
129201
129212
129213
129220
129223
129310
129312
129438
129439
129440
129441
129647
129649
130037
130050
130205
130206
130309
130314
130446
130450
130459
130472
130479
130492
130493
130496
130497
130498
130499
130502
130503
130533
130543
130721
130722
130771
130773
130825
130827
130858
130860
130861
130863
131018
131019
131051
131061
131297
131301
131355
131357
131372
131373
131482
131484
131578
131580
131666
131670
131864
131865
131896
131898
132005
132009
132138
132140
132174
132178
132180
132183
132185
132186
132756
132757
132987
132989
132995
132998
133035
133036
133181
133184
133265
133322
133324
133385
133386
133486
133488
133513
133516
133565
133568
133569
133572
133604
133607
133628
133629
133630
133631
133710
133711
133713
133714
133782
133791
133796
133801
133805
133810
133836
133839
133858
133859
133925
133926
134016
134017
134044
134045
134109
134110
134383
134387
134494
134499
134503
134545
134547
134552
134593
134594
134595
134602
134643
134644
134813
134815
134922
134923
135120
135122
135301
135302
135341
135343
135359
135360
135490
135492
135511
135513
135567
135569
135598
135601
135654
135655
135677
135678
135682
135684
135689
135692
135749
135750
135751
135752
135753
135754
135759
135762
135764
135766
135772
135774
135781
135784
135793
135794
135797
135800
135804
135805
135810
135812
135813
135815
135853
135854
135860
135863
135914
135916
135962
135964
136086
136088
136122
136124
136332
136334
136419
136420
136563
136567
138256
138270
138288
138299
138308
138312
138318
138323
138330
138337
138343
138358
138372
138376
138382
138386
